59 41 33 99 10 56 24 36 37 60 12 : 10-9, 7-5
82 82 73 26 14 78 16 90 16 67 56 45 31 95 89 41 : 4-15, 15-15, 13-14, 5-3, 8-5, 7-6, 4-0, 10-9
22 18 15 70 55 42 82 22 5 57 34 16 77 65 85 90 97 34 : 0-17, 14-13, 17-13, 5-9, 10-0, 4-4, 0-14
76 54 90 30 97 67 95 86 35 23 : 5-7, 9-0
47 54 70 31 66 97 8 68 2 47 31 22 31 41 : 1-8, 10-12, 11-0
69 53 47 94 70 71 86 37 63 36 80 12 20 : 9-10, 4-0, 11-12, 12-11, 1-12
31 13 26 86 36 32 82 4 71 29 : 4-5, 4-0, 8-2
75 62 13 37 93 55 6 49 19 45 12 67 49 : 5-8, 7-1, 11-11, 6-3
87 52 29 60 38 4 90 40 39 82 46 22 17 56 13 15 46 : 14-3, 0-14, 11-9, 7-8, 0-2
64 81 65 21 79 49 88 28 79 90 14 80 33 80 3 71 83 75 53 88 : 1-7, 11-9, 3-10, 3-18, 1-2, 4-18, 19-1
8 8 92 30 53 52 71 47 72 69 62 27 : 1-11, 8-2, 6-1, 8-11, 0-5, 6-4
44 82 76 9 12 100 22 17 27 71 45 28 9 55 26 34 80 : 5-5
67 70 68 16 11 18 82 27 95 18 : 4-2, 4-8, 1-3, 5-8
97 3 80 77 20 44 7 74 93 97 33 62 2 93 47 12 93 : 13-9, 16-15
50 32 14 14 60 46 18 57 90 45 59 91 81 47 26 85 82 80 92 : 2-5, 5-14, 6-1
82 57 32 86 58 66 82 61 55 92 32 28 64 47 : 8-7
60 80 98 4 31 44 10 57 100 78 13 61 2 62 : 11-9, 6-8, 11-0, 0-2, 2-11, 6-5, 12-10, 1-1
90 26 77 74 42 14 18 62 8 59 93 29 51 6 92 91 15 54 1 : 16-0, 17-10, 4-3, 11-3, 3-3, 5-10
26 49 82 85 11 34 31 38 28 76 52 6 31 16 86 : 2-12, 6-12
46 52 42 30 37 44 15 63 48 52 94 92 95 3 : 0-11, 5-10, 5-3, 7-6, 10-8
9 90 9 49 20 63 89 14 34 7 : 2-5, 2-1
37 89 28 19 29 31 26 89 72 92 43 : 7-3, 7-5, 8-7
18 32 7 87 44 27 10 56 99 50 33 85 : 7-6, 3-2, 1-10, 2-7, 4-10, 0-0, 4-8
32 37 26 41 61 16 4 10 1 25 78 76 94 : 7-6, 8-4, 6-2
48 9 86 49 41 3 62 20 26 72 83 12 18 : 9-1, 10-10, 4-8, 10-2, 3-4
3 81 93 66 52 10 33 42 22 57 33 68 44 59 73 56 86 : 11-8, 2-5, 15-9, 8-16, 2-16, 4-10, 9-6, 9-16, 6-14
56 92 67 49 71 83 17 83 38 37 57 62 24 69 18 39 8 : 1-7, 14-14, 4-2, 9-2, 10-15, 0-1, 12-12, 0-16
53 4 77 85 66 39 56 99 20 21 28 36 53 21 50 24 48 : 5-16, 5-0, 15-10, 10-0, 14-3
26 93 84 79 11 48 36 41 44 25 41 32 : 5-11, 10-0, 11-3
37 20 54 16 17 57 87 65 87 23 100 57 23 89 95 61 7 : 1-10, 15-16
25 95 52 89 39 45 83 34 33 70 96 40 11 42 78 : 2-12, 1-5, 5-11, 8-6, 14-7, 11-12, 0-3
27 31 41 80 8 12 6 18 53 75 62 61 : 4-10, 5-11
81 86 70 44 45 32 36 27 71 10 51 32 53 : 4-11, 4-1, 6-11, 2-0, 12-10, 5-5
26 75 55 89 45 61 13 63 19 39 15 27 36 77 : 1-0, 12-5, 12-8, 13-1, 12-8, 5-7, 1-13, 12-12
46 13 55 79 77 10 33 4 83 68 65 88 83 91 37 73 : 9-7, 5-4
25 57 75 92 60 94 40 25 33 68 68 14 28 28 20 21 : 10-9, 14-10, 10-12, 3-7, 14-13
64 30 99 37 27 77 39 5 70 42 69 93 12 78 22 57 : 14-6, 13-3, 6-4
18 92 87 13 78 12 17 60 43 9 66 94 84 81 17 5 68 15 29 : 13-6, 0-13, 9-10, 11-5, 15-12
53 43 28 51 24 66 84 22 37 29 26 : 1-8, 5-4
44 8 71 12 80 48 29 80 11 78 29 20 58 19 55 100 : 9-4, 5-10, 2-11, 0-8
43 76 46 24 52 33 3 38 88 64 44 : 0-10
26 98 36 33 99 44 5 2 44 66 44 37 84 80 92 36 60 : 9-2, 11-0, 5-8, 3-6, 2-9
61 31 25 39 52 16 78 48 24 85 : 2-3, 2-3, 1-1, 1-4, 5-3
19 15 89 58 63 28 90 47 58 71 59 43 91 : 3-9
75 11 62 37 89 20 4 99 26 23 25 72 34 20 66 38 : 9-3, 10-6, 3-6, 8-6
21 43 43 11 76 88 31 96 22 62 42 60 67 84 70 : 6-11, 8-5, 9-11, 12-6, 4-10, 7-0
10 54 13 11 61 36 90 60 22 43 37 6 47 38 83 6 4 : 15-7, 5-5, 11-6, 5-2, 5-3, 0-11, 11-13, 8-8, 10-4
63 77 35 10 72 42 89 87 51 81 54 52 49 7 4 97 9 48 : 8-1, 11-3, 1-4, 9-1, 2-7, 2-0, 4-3, 2-4, 2-2, 10-7
50 12 45 5 4 96 76 80 47 76 95 14 32 41 57 49 : 4-11, 14-6, 7-3, 1-3, 0-12
67 23 61 65 21 29 17 61 16 7 68 89 : 4-9, 7-9, 8-2, 10-6
21 53 70 89 71 68 53 95 99 46 10 : 5-1, 5-5
49 53 25 51 56 29 20 99 95 78 69 41 90 24 49 : 2-5, 8-14, 2-8
15 48 6 36 53 3 32 76 5 85 3 : 7-6, 2-4
5 60 25 68 90 48 12 57 85 21 57 24 98 68 11 37 72 : 15-16, 12-11, 9-5
4 38 33 55 74 37 52 20 47 25 36 27 63 14 71 44 84 44 : 7-3, 10-14, 11-12, 13-4, 14-15, 12-6, 4-4, 10-5, 6-9, 5-4
48 10 78 62 35 30 73 96 12 41 19 28 13 : 0-0, 12-0
45 88 64 70 28 60 13 85 91 24 36 82 58 45 35 52 100 21 30 16 : 10-1, 3-12, 0-5, 10-1, 2-7, 8-1
17 14 8 23 63 15 94 34 78 22 94 26 37 69 : 5-0, 6-0, 9-6, 0-5, 3-12, 1-8, 11-10, 0-10
44 25 8 100 35 31 44 52 57 91 97 86 63 28 95 : 8-3, 2-10, 2-8, 12-0, 5-9, 4-4, 7-13, 6-2
53 97 13 1 65 86 34 75 68 62 30 95 82 8 86 51 60 96 : 1-4, 4-16, 4-7, 3-16, 11-6, 6-4
78 58 21 8 99 32 2 33 76 64 : 8-8, 2-2, 7-3, 3-4
69 49 28 94 77 95 16 56 30 96 36 45 5 44 90 76 14 : 6-0, 5-5, 15-13, 14-9, 1-14, 13-12
59 63 83 65 26 78 78 24 25 100 60 : 5-0
53 54 23 69 88 88 58 2 28 75 12 : 5-0, 7-7
9 50 51 28 96 44 26 48 51 4 50 63 : 2-7, 6-8
78 92 8 83 12 2 100 24 26 97 29 44 24 : 0-0, 4-12, 11-0, 2-2, 7-11, 2-1
74 80 9 77 61 48 8 18 67 39 100 63 31 : 11-11, 2-2
95 24 9 91 13 48 87 37 10 85 81 74 56 97 87 71 84 27 26 15 : 15-0, 1-13, 1-9, 17-10, 3-0, 5-5, 4-0, 0-9, 10-9
35 89 62 53 30 53 24 63 90 40 26 58 12 12 21 97 89 57 90 : 5-5, 7-11, 13-12
51 42 8 79 41 72 96 23 61 45 45 2 91 : 7-11, 8-8, 7-4, 3-6, 7-1
63 53 76 97 54 67 13 67 93 39 57 14 76 28 : 10-13, 8-8, 6-7, 8-13, 9-9, 10-3, 2-8
61 41 100 41 76 25 13 34 65 78 41 29 16 37 42 48 14 35 : 6-15
33 66 72 15 71 100 94 26 16 47 : 6-7
20 50 3 55 66 19 13 92 28 26 28 6 69 13 76 40 76 34 41 43 : 13-6, 10-17, 13-14, 8-1, 4-7, 11-2, 17-2
45 34 97 31 16 73 30 20 25 47 92 : 7-8, 7-9, 8-2
83 73 87 92 94 85 96 59 81 77 39 12 28 8 59 21 15 : 2-9, 8-4, 13-3, 11-3
23 77 36 63 19 70 65 90 33 60 23 38 53 33 18 72 97 : 5-6, 8-15, 13-2, 15-10, 0-10
2 69 83 39 58 26 56 5 28 57 94 59 96 31 68 79 37 1 67 79 : 10-10, 9-16
58 45 72 21 47 39 56 65 13 65 : 2-7, 2-0, 9-7, 4-2
10 48 48 14 21 99 9 70 63 91 15 71 93 : 8-1, 9-6, 0-1, 9-5, 9-2
99 11 35 79 95 96 78 73 16 63 79 57 84 90 : 9-11, 1-6, 7-0
95 3 47 79 48 36 38 55 27 100 : 7-8, 4-3, 1-9, 8-4
75 42 21 6 89 99 67 51 43 11 45 : 7-2, 0-10, 5-6, 8-10, 3-7
84 66 61 79 65 16 55 23 27 84 82 22 5 8 76 : 8-13
65 28 56 89 89 11 48 73 48 86 69 : 2-2, 0-1, 0-4, 3-7, 5-8
50 100 59 43 97 25 19 33 54 54 39 38 77 84 96 77 33 : 0-8, 7-13, 3-14, 13-2, 9-11, 2-0, 13-1, 16-10
60 95 1 85 4 5 94 38 4 86 82 76 35 62 68 28 95 7 43 18 : 8-0, 18-8, 2-5, 5-13
10 74 85 22 89 43 26 52 12 80 36 36 46 81 41 54 4 24 3 67 : 12-10, 6-8
42 30 35 31 60 98 7 81 93 43 56 8 74 60 100 27 47 37 22 24 : 16-7
34 92 16 38 71 75 80 99 29 28 91 70 52 59 81 11 : 6-12, 1-0, 13-7, 4-3
3 88 64 86 11 98 63 33 12 93 11 90 85 52 34 : 3-0, 7-5, 9-0
86 76 75 21 99 30 71 28 36 48 15 99 51 82 4 : 11-9, 13-9, 13-12, 1-2, 11-4, 13-8, 11-4
62 58 17 37 39 56 83 81 94 35 82 95 21 35 63 41 : 12-13, 14-9, 2-11, 1-4, 5-10
61 73 37 18 52 46 85 100 46 13 27 : 8-6, 2-6, 1-4
43 59 60 58 47 56 5 35 4 24 67 80 : 3-10, 9-8, 4-1
25 20 8 23 41 67 40 65 56 96 51 47 98 60 10 50 33 : 11-14, 9-15, 2-16, 2-13, 16-16, 7-5, 3-7
52 16 20 91 57 73 19 58 5 47 92 28 36 86 33 : 4-13, 12-2, 10-4, 13-5, 3-14, 10-12, 5-10
88 85 61 47 21 11 69 27 53 79 42 : 10-9
8 9 47 87 20 23 95 8 25 71 99 79 47 85 47 52 34 91 : 11-16, 5-1, 4-12, 7-1, 9-8
54 82 66 93 67 25 55 14 38 30 3 82 : 6-8, 7-3, 6-5
