12 25 13 3 8 9 5 14 2 27 19 21 23 24 15 17 7 11 26 6 1 10 20 16 4 18 22 0 89 42 75 86 54 89 42 75 86 54 89 42 75 86 54 89 42 75 86 54
1 15 0 8 19 5 3 20 16 22 17 2 12 6 21 13 14 10 23 9 7 4 49 86 38 18 11 66 66 49 86 38 18 11 66 66 49 86 38 18 11 66 66 49 86 38 18 11 66 66
37 33 40 42 31 12 23 38 14 18 20 22 45 5 32 44 34 6 16 30 8 36 19 11 39 28 29 1 41 21 13 25 27 17 4 26 0 24 7 2 43 3 81 73 77 50 83 10 83 35 9 15 81 73 77 50 83 10 83 35 9 15 81 73 77 50 83 10 83 35 9 15 81 73 77 50 83 10 83 35 9 15
5 4 1 0 2 3 12 18 12 18 12 18 12 18
23 24 27 15 5 6 9 1 3 12 13 7 19 14 16 21 0 10 18 20 11 4 22 2 26 17 94 25 97 25 8 81 94 25 97 25 8 81 94 25 97 25 8 81 94 25 97 25 8 81
4 56 56 56 56 56 56 56 56 56 56
35 17 29 32 20 31 7 37 5 14 2 3 21 10 25 8 38 34 9 22 6 28 39 15 12 26 4 24 23 19 16 1 18 36 13 30 27 11 33 0 0 0 0
0 3 2 1 2 1 2 1 
1 29 20 12 22 10 5 3 17 30 27 21 6 15 24 14 18 23 11 7 16 2 9 25 26 28 13 4 19 8 0 37 44 82 0 37 44 82 0 37 44 82 0 37 44 82
4 11 1 5 9 2 8 0 6 12 7 13 3 10 83 62 44 83 62 44 83 62 44 83 62 44
4 12 7 5 3 13 17 9 11 10 14 1 15 8 16 0 2 6 19 36 19 36 19 36 19 36
18 21 3 22 9 26 14 23 5 0 11 1 10 17 7 19 24 25 13 4 20 16 27 28 6 15 12 75 29 2 33 88 75 44 8 75 29 2 33 88 75 44 8 75 29 2 33 88 75 44 8 75 29 2 33 88 75 44 8
10 0 3 1 12 6 5 16 13 4 18 9 8 15 2 17 11 7 14 57 62 80 29 74 58 57 62 80 29 74 58 57 62 80 29 74 58 57 62 80 29 74 58
32 31 11 18 17 1 35 12 39 23 15 37 7 14 20 8 22 6 41 30 43 19 21 0 26 42 25 36 38 27 24 29 9 33 10 4 16 3 2 13 5 34 28 40 64 28 40 64 28 40 64 28 40 64
16 9 1 21 23 10 18 13 27 7 5 25 17 14 12 8 24 22 3 15 19 11 0 6 28 29 4 2 26 20 26 20 26 20 26 20
29 6 28 12 22 0 7 36 9 37 30 21 5 15 19 27 13 24 4 35 39 14 8 32 31 33 25 1 18 3 23 26 20 2 38 11 34 16 17 80 10 80 10 80 10 80 10
13 32 40 28 8 34 27 20 6 5 1 2 35 26 14 12 23 16 25 33 31 7 18 10 39 4 37 0 22 9 19 38 15 24 36 11 17 21 79 41 29 51 86 78 3 80 62 30 79 41 29 51 86 78 3 80 62 30 79 41 29 51 86 78 3 80 62 30 79 41 29 51 86 78 3 80 62 30
19 16 2 18 21 26 11 7 10 3 28 6 1 20 17 25 5 13 22 12 9 23 4 27 8 24 14 96 0 61 15 96 0 61 15 96 0 61 15 96 0 61 15
30 21 24 17 26 12 1 29 20 9 25 7 4 28 6 2 10 18 5 16 13 8 3 14 19 31 23 22 15 27 11 0 86 43 73 86 43 73 86 43 73 86 43 73
11 21 10 19 0 5 6 16 1 7 3 13 9 15 14 2 20 17 18 8 4 22 12 26 84 62 26 84 62 26 84 62 26 84 62 
