71 -151 -152 -154 -157 -153 -148 -154 -147 -155 -164 -174 -185 -197 -184 -198 -183 -199 -216 -234 -253 -273 -252 -230 -253 -229 -254 -280 -307 -335 -306 -336 -305 -273 -306 -272 -237 -273 -310 -272 -311 -351 -310 -268 -225 -181 -136 -90 -137 -185 -136 -186 -237 -185 -132 -186 -131 -187 -130 -72 -13 47 108 170 107 171 106 172 239 307 238 308
146 259 773 427 140 -313 -847 -582 -595 676 -347 512 -351 -431 -436 -959 -53 885 467 -579 -928 623 -338 915 -314 -226 481 -779 166 760 -434 -19 700 671 -362 304 -968 -327 -745 -176 400 -225 674 538 -797 -990 753 254 21 883 -358 463 -402 816 23 376 324 -64 607 667 -707 -118 -231 898 -659 88 -974 813 932 -395 -696 -543 -348 -685 -639 628 -821 -458 433 -278 -342 -770 -958 -594 831 -793 -228 -376 -853 -617 -81 496 -638 671 898 -33 -386 498 907 455 674 -615 -544 -803 -651 -692 433 978 187 -17 100 -878 726 -603 412 -260 -575 497 897 734 -100 986 -102 651 -89 330 -392 623 965 177 435 588 713 712 179 -334 867 70 -8 740 -71 603 -454 339 -966 50 -591
120 446 445 447 444 440 445 451 458 450 441 431 442 430 443 429 414 430 413 395 414 394 415 437 414 390 415 389 362 334 363 393 362 394 361 395 430 466 503 465 504 544 503 545 502 458 503 549 502 454 503 453 402 454 401 347 402 346 289 231 290 350 411 349 412 476 411 477 410 478 547 617 546 474 547 473 398 322 399 321 400 480 561 643 560 476 391 305 218 306 395 305 214 306 399 305 400 496 399 301 202 302 403 301 198 302 197 91 -16 92 201 311 422 534 647 761 876 992 875 757 876
3 898 -754 759
7 -197 -1 -674 -817 764 -164 659
9 8 9 7 10 6 13 17 24 32
99 88 340 -55 -413 920 120 624 753 716 -669 380 -679 855 -332 944 261 904 37 -183 594 -938 602 755 -26 896 -836 270 -717 -206 -516 899 -828 656 204 -823 705 -606 669 -354 686 -852 -903 747 -954 -622 -672 866 -254 -298 -791 156 -605 210 937 -491 18 -485 640 214 988 42 922 -684 -580 -264 459 -452 825 448 414 -79 -927 954 283 524 309 -887 -5 31 519 -890 -3 351 -272 -304 -404 497 535 -86 889 240 -525 673 -722 873 -467 752 376 169
141 -81 -80 -78 -81 -77 -72 -66 -59 -51 -42 -52 -63 -75 -62 -76 -61 -77 -60 -42 -23 -3 -24 -46 -69 -45 -20 -46 -19 -47 -18 -48 -17 15 -18 -52 -17 19 56 94 133 93 134 176 133 177 132 178 225 177 128 78 27 79 26 80 25 -31 26 -32 27 -33 -94 -156 -219 -155 -90 -24 -91 -23 46 -24 47 119 192 118 43 -33 -110 -188 -109 -189 -270 -188 -271 -187 -272 -358 -271 -183 -94 -184 -93 -1 -94 -188 -93 3 100 2 101 201 100 -2 -105 -1 -106 -212 -319 -427 -318 -208 -319 -207 -320 -434 -549 -665 -782 -664 -545 -425 -304 -426 -549 -673 -798 -672 -545 -417 -288 -418 -549 -417 -550 -416 -551 -415 -552 -414 -553 -413
49 783 304 -544 34 953 -922 -637 312 920 547 -928 898 839 -314 -839 -38 53 -871 549 -11 -519 -448 602 728 -416 -737 377 977 495 127 330 587 558 -154 402 910 434 808 618 195 -903 138 515 916 218 -49 -946 -451 -468
26 -38 964 500 887 262 181 756 948 146 711 -15 -504 706 765 -675 245 511 926 -825 -45 598 -175 -159 -933 -480 891
9 8 9 7 10 6 12 17 24 38
38 153 152 150 147 143 138 132 125 117 126 136 125 137 124 110 125 141 124 142 123 143 122 144 167 191 166 140 113 141 112 142 111 143 110 76 111 147 110
7 117 116 114 111 107 102 96
41 339 340 342 339 335 340 334 327 319 310 300 311 299 312 298 313 297 280 298 317 337 316 338 315 339 314 288 261 233 262 292 323 291 258 292 257 221 258 220 259 299
130 -183 -26 565 -603 115 -95 -436 -790 -62 -224 437 -445 -122 120 -881 -99 -285 5 -884 524 553 -137 281 884 623 69 983 473 890 277 275 -93 -739 801 195 -853 -842 215 -654 -123 272 449 -118 879 -825 -313 -315 568 70 -441 -182 -647 553 -995 -862 -16 445 -247 -664 343 -168 606 -791 932 175 961 -570 -57 -879 167 364 -435 320 372 463 468 -173 664 177 -458 -323 280 969 64 -955 691 299 -249 471 913 369 332 -159 29 -401 -333 -14 433 431 -682 -333 955 505 -337 -157 546 -982 -752 -342 432 880 224 -595 853 880 119 850 -531 333 -997 142 -581 -953 286 507 -898 -921 517 318 970
66 -649 206 -572 -168 450 388 549 559 -702 -445 -387 -6 510 832 -271 186 663 394 854 681 809 237 -605 378 358 401 -893 -222 976 992 -916 238 773 121 -778 -307 105 708 -99 500 980 878 -912 -107 -580 64 904 -963 713 -609 -542 432 932 866 320 194 -377 -160 56 -358 -351 468 13 680 204 -324
107 698 -682 689 187 -76 -181 880 -539 -933 439 -750 -122 51 -474 478 -212 -418 -1 -740 -218 670 559 869 -179 967 954 709 -554 -140 -293 -719 40 -900 -802 829 -753 504 61 -265 983 -914 -44 774 -331 962 766 -200 482 -745 872 378 -670 -893 535 28 551 -712 773 -957 -917 866 479 433 -894 -270 -650 685 611 -520 -188 -829 67 532 177 374 -989 369 -16 801 -443 -4 780 -596 -963 -340 -285 -788 803 -423 -526 162 716 174 -594 -700 -997 511 42 623 427 30 -919 78 -854 -573 -248 510
121 220 -5 762 259 -849 -37 -838 -976 -710 -990 868 -439 589 -850 -347 860 -443 -466 357 413 -194 -571 228 408 -124 -703 -703 314 -859 -276 -334 309 -641 -351 -483 66 257 367 995 634 845 -739 258 593 -331 -186 -256 -560 131 -383 -505 -594 769 -791 489 -817 940 -8 982 4 -91 65 890 -547 -212 -109 -118 951 164 -253 920 259 -355 -834 557 792 -667 382 -338 -285 202 254 11 -422 66 768 -838 -880 300 -69 -953 184 971 -444 326 -799 -60 896 285 -551 870 896 -708 -163 545 640 -583 87 -337 -161 -238 -71 -15 163 -541 538 -592 -424 470 976 565
67 128 129 131 128 124 119 125 118 126 135 125 114 102 115 101 116 100 117 99 80 100 79 57 34 10 35 61 88 60 31 61 30 62 29 -5 -40 -76 -39 -77 -116 -76 -117 -75 -118 -162 -117 -163 -210 -258 -209 -159 -210 -262 -315 -261 -206 -150 -207 -149 -90 -30 31 -31 -94 -158 -223 -157
31 -180 -181 -183 -186 -182 -177 -171 -164 -156 -147 -137 -148 -136 -123 -137 -122 -106 -89 -71 -90 -110 -131 -109 -132 -108 -133 -107 -134 -106 -77 -107
133 317 316 318 321 317 322 316 323 331 340 350 339 351 338 352 367 383 366 384 365 345 366 388 365 389 414 388 415 387 358 388 419 451 418 384 349 313 276 238 277 317 358 400 357 401 446 492 539 587 636 586 637 689 636 690 635 579 522 464 523 583 644 706 643 579 644 578 645 577 508 438 367 439 366 292 217 293 216 294 373 293 374 292 209 125 40 -46 -133 -45 44 -46 -137 -45 48 -46 -141 -45 52 150 51 -49 52 154 51 -53 -158 -264 -157 -49 -158 -48 -159 -47 -160 -46 -161 -45 -162 -44 75 -45 -166 -44 79 -45 80 -46 -173 -45 -174 -44 87 -45
41 -842 -317 657 474 383 -339 -302 -757 555 -391 983 -401 -521 -299 -933 -370 694 -690 -227 -420 958 575 775 -420 512 -513 409 998 725 871 -417 995 -545 -47 745 -919 -66 -139 -75 93 -747
12 1 0 2 -1 3 -2 -8 -1 7 -2 -12 -23
50 -268 -269 -271 -268 -272 -267 -261 -254 -262 -271 -261 -272 -260 -247 -233 -248 -264 -247 -229 -210 -230 -209 -187 -164 -188 -163 -189 -216 -188 -159 -189 -220 -188 -155 -189 -154 -118 -155 -117 -156 -116 -75 -33 -76 -32 13 59 12 60 109
3 -438 -437 -435
25 311 310 312 309 313 318 312 319 311 320 330 319 331 344 330 315 299 282 300 281 261 240 262 285 309
131 913 -538 506 278 -545 577 -854 -727 186 133 96 99 956 694 445 -554 -483 -920 -355 -443 -139 -806 -189 -527 -775 93 424 -299 -222 -808 153 -269 -245 -965 925 -962 29 774 -587 -994 45 -944 436 -351 -8 434 921 927 -67 -93 954 634 998 948 -167 -393 280 39 945 848 632 10 -109 735 -304 751 -925 -773 749 463 377 780 -105 -652 -965 513 300 -492 111 134 -43 -758 843 750 -639 -362 -400 -954 -293 -10 -491 -310 386 438 855 791 -884 913 -258 144 467 -926 704 104 251 970 559 643 -900 -539 548 647 652 420 -450 256 -837 -86 605 552 538 982 245 -849 -877 948 -659 -823 -579 592 871
3 7 7 8
12 -783 508 -94 938 774 212 -721 -59 -974 415 882 66
104 257 256 254 251 255 250 244 251 259 250 260 249 261 248 234 249 233 216 198 179 199 220 242 265 241 266 240 267 295 324 294 263 231 198 232 267 303 340 302 341 381 422 380 337 381 426 380 427 475 524 474 423 475 528 582 527 471 528 586 527 467 528 466 403 339 404 338 405 473 542 612 541 469 396 470 395 319 396 318 397 317 398 480 563 647 562 648 735 647 736 646 555 647 554 460 365 269 366 464 563 463 564 462 565
35 280 279 277 280 276 281 275 282 274 265 275 264 276 289 303 318 302 319 337 318 338 317 295 318 294 319 345 318 290 319 349 318 350 317 283
11 469 -366 10 -354 -868 -790 -111 -14 631 -823 -220
3 -195 -194 -192
96 362 -809 351 944 147 -40 -401 730 -758 -958 632 445 937 310 668 -178 78 597 85 -313 836 265 -121 748 702 908 712 683 -699 -252 806 -436 552 -426 -202 934 -395 -797 -743 294 155 603 -541 903 647 -103 -500 -526 308 -808 305 745 62 -482 -864 -461 -703 -644 570 209 -684 109 528 -962 86 898 -67 863 191 355 932 -608 404 717 917 664 257 -684 817 -488 578 709 969 1 -522 16 -811 -210 477 -855 -420 -273 24 117 590 37
78 950 -797 544 647 852 58 232 520 630 -165 -814 727 -194 319 -495 572 764 -331 250 714 -292 -204 673 765 -640 292 -733 -163 821 -178 724 426 728 281 455 -727 504 -965 389 -597 949 -488 -792 531 -125 979 -596 878 339 243 479 -140 -887 282 157 -686 -376 -904 637 680 -759 -286 -115 -403 -752 34 -311 992 526 72 -605 1 -693 -592 -214 217 805 705
115 197 196 198 195 191 186 192 199 207 198 208 197 185 198 184 199 215 198 180 199 179 158 136 159 135 110 84 111 83 54 24 55 87 120 154 189 153 116 78 117 77 118 76 119 75 120 166 213 261 212 162 213 161 108 54 -1 -57 -114 -56 -115 -175 -236 -174 -111 -175 -240 -306 -373 -305 -236 -306 -377 -449 -522 -596 -521 -445 -522 -600 -679 -599 -680 -598 -515 -599 -684 -598 -685 -597 -686 -776 -867 -959 -866 -772 -677 -581 -484 -386 -287 -387 -488 -590 -487 -591 -696 -590 -483 -375 -266 -376 -265 -153 -266 -380
28 495 494 492 489 485 480 486 493 501 492 502 491 479 492 506 521 505 522 504 523 543 522 544 521 497 522 548 575
3 750 712 807
92 -75 -76 -78 -81 -85 -90 -96 -89 -81 -90 -80 -91 -79 -66 -52 -37 -21 -38 -56 -37 -17 -38 -60 -37 -61 -86 -60 -87 -59 -30 -60 -91 -123 -90 -124 -89 -125 -162 -124 -163 -123 -164 -122 -165 -209 -164 -118 -165 -213 -262 -212 -161 -213 -160 -214 -159 -103 -160 -102 -161 -101 -162 -100 -37 27 92 158 91 159 228 158 229 301 228 302 227 151 228 150 229 309 228 310 393 309 394 308 395 483 394 304 213
33 207 -566 433 387 -43 298 256 738 308 847 115 -14 -159 629 -467 86 677 695 408 -894 568 634 -866 285 -829 8 888 218 221 -836 -367 -652 -634
