154,-299,10,35,14,161,108,-426,-373,95,-77,199,319,237,388,-246,110,-121,137,-1,-26,-382,43,435,-287,339,-145,409,219,228,52,453,125,-143,-291,-22,-297,217,464,493,-273,-329,-461,124,10,315,-68,237,271,-142,-437,-397,53,321,241,-415,-256,336,285,292,348,-207,-409,34,190,397,331,2,381,-146,408,113,-107,-326,-5,447,141,202,-240,-322,311,-372,-89,-134,473
-300,-195,-143,-429
455,88,267,361,353,392,332,72,296
-193,-219
174,187,283,221,141,268,25
145,322
-237,-487,324,466,100,46,412,-21,-267,37,406,-289,346,-318,-147,133,297,413,324,366,-467,-90,-453,-287,252,497,245,376,357,-420,101,354,-255,48,478,-452,347,339,495,-331,284,206,-46,71,-308,340,-147,-314,-406,377,446,153,-203,-105,16,-494,16,243,302,-128,-104,-228,79,-242,214,-174,-310,-478,44,233,376,-211,113,256,-288,22,-385,-327,93,470,16,189,-184,445,336,-281,-465,104,431,11,-172,412,2,322,-19,172,257
445,225,338,318,-295,293,-79,-479,64,96,-378,-372,-383,-304,-36,-348,-205,-338,300,-196,-407,-311,-238,332,320,-487,-10,-423,-155,-298,58,-19,340,-215,-210,-74,-333,376,-393,360,108,182,-441,26,242,-402,-223,218,85,369,281,126,261,27,-489,-267,-483,404,-62,-335,247,458,278,-202,-147,-83,-124,-283,-40,248,111,-423,47,64,464,40,317,-473,-176,229,245
-1
423,449,27,326
240,200,470,49,248,20,102,436,123,10
438,83,228,291,91,62,60
-50,86,413,-219,184,-397,-440,416,458,441,-473,-243,-385,455,-373,-201,246,500,396,245,464,165,-111,437,486,-331,-358,-157,-463,-258,329,267,23,-202,-375,-18,-428,-63,-91,-77,-434,-14,-458,-33,179,-461,-267
-340,-93,-114,-148,-160,-291,-261,-484,-101,-55,-140,-137,-156,-180
42,-296,-272,91,-470,-495,-225,12,-367,-240,39,429,-304,467,167,96,-311,-233,-60,21,402,-233,-275,103,-89,-418,-127,-5,-437,230,-53,-44,85,-114,-470,-246,-276,231,-60,0,-125,-158,37,373,17,432,-45,424,107,-120,491,312,495,362,6,175,-206,-130,356,322,474,-151,-445,-401,-72,-166,-121,138,455,-125,-429,-394,282,227,313,-11,-359,-284,-136,-451,-336,-24,219,-310,-209,-54,124
-34,-384,141,426,71,-479,225,168,-366,304,66,-341,-221,-101,-285,-442,123,-219,200,-273,-467,-272,316,420,-285,303,368,81
259,278
0,0,0,0,0
-442,293,-162,-40,196,231,120,375,-378,145,-1,-390,-312,-79,476,23,-346,-36,16,-192,-403,200,19,386,-239,-49,105,461,183,-99,452,-486,-320,429,-461,-167,466,-261,-308,-6,-496,-76,-447,-299,341,8,435,62,-434,359,58
-415
-116,-250,-373,-409,-106,-67,-206
-177,-143,-319,-379,-384,-487,-359,-318,-483,-264,-138,-215,-393,-131,-466,-119,-483,-406,-276,-441
-110,-165,-273,-303,-451,-449,-207,-289,-219,-429,-456,-161,-259,-325
-9,261,-313,-149,162,-106,27,265,-131,118,389,270,-389,170,-138,-198,-495,180,-401,404,37,-303,46,-155,-478,308,-374
159,-253,-202,313,-305,-80,339,-385,-83,208,132,-478,-60,-217,-489,-34,-163,-291,-427,-365,-214,-393,257,-370,141,18,-263,393
153
-442,239,404,474,423,346,-53,163,-79,204,-384,-199,-427,213,332,472,168,-218,-492,-116,-426,-171,-240,-243,466,-326,211,126,-490,-251,-103,-325,127,130,-489,95,297,181,-377,48,-55,-295,418,459,255,-141,-334,227,197,2,176,-334,-257,11,200,260,-465,-281,-345,367,405,-458,432,354,256,56,2,-441,75,131,454,71,477,-230,-318,-60,39,-386,-306,-478,132,491,289,363
-241,152,248,-77,-260,-64,141,125,-483,-438,500,107,-370,171,466,-103,178,-56,-401,-75,-375,-99,422,-483,25,21,259
114,293,208,377,270,200,137
496,321,254,200,260,442
127,456,11,344
134
-439,-198,-122,-423,-361,-378
169
174,-10,-393,356,-316,-107,-46,-423,-380,-350,-74,366,-107,375,239,-195,-87,65,-430,8,-136,-243,452,438,-266,-131,346,-352,-384,-119,9,-427,83,175,59,158,-262,-122,318,238,-180,-448,-221,-134,373,180,412,41,-131,421,187,-210,-141,326,-20,-291,161,233,266,230,-329,-33,53,-461,443,-296,-43,341,-182,298
136,247,391,-190,407,-134,160,93,372,316,-370,-395,29,-104,-381,-386,7,472,330,-413,494,-195,-473,-279,-497,8,295,-482,-96,181,352,-437,-287,157,337,346,344,-113,53,-46,64
-281,-500,-109,-162,-129,-402,-138,-233,-126,-62,-305,-347,-184
103,474,454,214,357,308,243,105,73,26
-376,-226,-159,-151,-494,-184,-106,-74,-354,-193,-256,-493,-332
-90,-395,-156,-193,-451,-278,-255,-476,-108,-379,-393,-385,-481,-432,-74,-446,-187,-205
